# y_reflector_m total_absorbed_power_W
8.000000000000000167e-02 3.698720000000000141e+02
8.275862068965517127e-02 3.983240000000000123e+02
8.551724137931034087e-02 4.252420000000000186e+02
8.827586206896552434e-02 4.508210000000000264e+02
9.103448275862069394e-02 4.752099999999999795e+02
9.379310344827586354e-02 4.988519999999999754e+02
9.655172413793103314e-02 5.220489999999999782e+02
9.931034482758621662e-02 5.451290000000000191e+02
1.020689655172413862e-01 5.684109999999999445e+02
1.048275862068965558e-01 5.923579999999999472e+02
1.075862068965517254e-01 6.171720000000000255e+02
1.103448275862068950e-01 6.434919999999999618e+02
1.131034482758620785e-01 6.823429999999999609e+02
1.158620689655172481e-01 7.134220000000000255e+02
1.186206896551724177e-01 7.486000000000000227e+02
1.213793103448276012e-01 7.879230000000000018e+02
1.241379310344827569e-01 8.323490000000000464e+02
1.268965517241379404e-01 8.781570000000000391e+02
1.296551724137930961e-01 9.229719999999999800e+02
1.324137931034482796e-01 9.463339999999999463e+02
1.351724137931034631e-01 8.973419999999999845e+02
1.379310344827586188e-01 6.978029999999999973e+02
1.406896551724138023e-01 3.548170000000000073e+02
1.434482758620689857e-01 9.142189999999999372e+01
1.462068965517241415e-01 1.451019999999999932e+01
1.489655172413792972e-01 4.227870000000000061e+01
1.517241379310345084e-01 1.011740000000000066e+02
1.544827586206896641e-01 1.621740000000000066e+02
1.572413793103448199e-01 2.171599999999999966e+02
1.600000000000000033e-01 2.796499999999999773e+02
